A= [1560 -1000 0 0;
-1000 11100 -3300 -6800;
0 -3300 11100 -5600;
0 -6800 -5600 20600];

B= [15 9 -14 0]';

A\B

A = [-((1/560)+(1/1000)+(1/8200)+(1/6800)), 1/6800, 1/8200;
                  1/6800, -((1/6800)+(1/3300)+(1/5600)), 1/5600;
                  1/8200, 1/5600, -((1/8200)+(1/5600)+(1/2200))];
B = [-15/560 9/3300 -5/2200]';


A\B

